
<svg xmlns="http://www.w3.org/2000/svg" version="1.1" xmlns:xlink="http://www.w3.org/1999/xlink" x="0px" y="0px" viewBox="0 0 100 100">
<defs>
<g id="Layer1_0_FILL">
<path fill="#313131" stroke="none" d="
M 92.85 40.2
Q 92.25 35.85 87.5 34.85
L 65.15 34.85 65.15 12.5
Q 64.05 7.85 59.8 7.15
L 40.2 7.15
Q 35.85 7.75 34.85 12.5
L 34.85 34.85 12.5 34.85
Q 7.75 35.85 7.15 40.2
L 7.15 59.8
Q 7.85 64.05 12.5 65.15
L 34.85 65.15 34.85 87.5
Q 35.85 92.25 40.2 92.85
L 59.8 92.85
Q 64.05 92.15 65.15 87.5
L 65.15 65.15 87.5 65.15
Q 92.15 64.05 92.85 59.8
L 92.85 40.2
M 85.35 40.85
Q 85.96171875 40.853125 86.4 41.25
L 86.4 41.3
Q 86.8466796875 41.7384765625 86.85 42.35
L 86.85 57.65
Q 86.8466796875 58.26171875 86.4 58.7
L 86.4 58.7
Q 85.96171875 59.1466796875 85.35 59.15
L 65.15 59.15
Q 62.6607421875 59.1462890625 60.9 60.9 59.1462890625 62.6607421875 59.15 65.15
L 59.15 85.35
Q 59.1466796875 85.96171875 58.7 86.4
L 58.7 86.4
Q 58.26171875 86.8466796875 57.65 86.85
L 42.35 86.85
Q 41.7384765625 86.8466796875 41.3 86.4
L 41.25 86.4
Q 40.853125 85.96171875 40.85 85.35
L 40.85 65.15
Q 40.8533203125 62.6609375 39.1 60.9 37.338671875 59.14609375 34.85 59.15
L 14.65 59.15
Q 14.0384765625 59.1466796875 13.6 58.7
L 13.55 58.7
Q 13.153125 58.26171875 13.15 57.65
L 13.15 42.35
Q 13.153125 41.73828125 13.55 41.3
L 13.6 41.25
Q 14.03828125 40.853125 14.65 40.85
L 34.85 40.85
Q 37.338671875 40.853515625 39.1 39.1 40.853515625 37.338671875 40.85 34.85
L 40.85 14.65
Q 40.853125 14.03828125 41.25 13.6
L 41.3 13.55
Q 41.73828125 13.153125 42.35 13.15
L 57.65 13.15
Q 58.26171875 13.153125 58.7 13.55
L 58.7 13.6
Q 59.1466796875 14.0384765625 59.15 14.65
L 59.15 34.85
Q 59.14609375 37.338671875 60.9 39.1 62.6609375 40.8533203125 65.15 40.85
L 85.35 40.85 Z"/>

<path fill="#4F4F4F" stroke="none" d="
M 86.4 41.25
Q 85.96171875 40.853125 85.35 40.85
L 65.15 40.85
Q 62.6609375 40.8533203125 60.9 39.1 59.14609375 37.338671875 59.15 34.85
L 59.15 14.65
Q 59.1466796875 14.0384765625 58.7 13.6
L 58.7 13.55
Q 58.26171875 13.153125 57.65 13.15
L 42.35 13.15
Q 41.73828125 13.153125 41.3 13.55
L 41.25 13.6
Q 40.853125 14.03828125 40.85 14.65
L 40.85 34.85
Q 40.853515625 37.338671875 39.1 39.1 37.338671875 40.853515625 34.85 40.85
L 14.65 40.85
Q 14.03828125 40.853125 13.6 41.25
L 13.55 41.3
Q 13.153125 41.73828125 13.15 42.35
L 13.15 57.65
Q 13.153125 58.26171875 13.55 58.7
L 13.6 58.7
Q 14.0384765625 59.1466796875 14.65 59.15
L 34.85 59.15
Q 37.338671875 59.14609375 39.1 60.9 40.8533203125 62.6609375 40.85 65.15
L 40.85 85.35
Q 40.853125 85.96171875 41.25 86.4
L 41.3 86.4
Q 41.7384765625 86.8466796875 42.35 86.85
L 57.65 86.85
Q 58.26171875 86.8466796875 58.7 86.4
L 58.7 86.4
Q 59.1466796875 85.96171875 59.15 85.35
L 59.15 65.15
Q 59.1462890625 62.6607421875 60.9 60.9 62.6607421875 59.1462890625 65.15 59.15
L 85.35 59.15
Q 85.96171875 59.1466796875 86.4 58.7
L 86.4 58.7
Q 86.8466796875 58.26171875 86.85 57.65
L 86.85 42.35
Q 86.8466796875 41.7384765625 86.4 41.3
L 86.4 41.25
M 55.05 25.95
L 44.9 25.95 50 17 55.05 25.95
M 25.95 55.1
L 17 50 25.95 44.95 25.95 55.1
M 44.9 74.05
L 55.05 74.05 50 83 44.9 74.05
M 74.05 55.1
L 74.05 44.95 83 50 74.05 55.1 Z"/>

<path fill="#9A9A9A" stroke="none" d="
M 74.05 44.95
L 74.05 55.1 83 50 74.05 44.95
M 55.05 74.05
L 44.9 74.05 50 83 55.05 74.05
M 17 50
L 25.95 55.1 25.95 44.95 17 50
M 44.9 25.95
L 55.05 25.95 50 17 44.9 25.95 Z"/>
</g>

<path id="Layer1_0_1_STROKES" stroke="#1B1B1B" stroke-width="5" stroke-linejoin="round" stroke-linecap="round" fill="none" d="
M 87.5 34.85
Q 92.25 35.85 92.85 40.2
L 92.85 59.8
Q 92.15 64.05 87.5 65.15
L 65.15 65.15 65.15 87.5
Q 64.05 92.15 59.8 92.85
L 40.2 92.85
Q 35.85 92.25 34.85 87.5
L 34.85 65.15 12.5 65.15
Q 7.85 64.05 7.15 59.8
L 7.15 40.2
Q 7.75 35.85 12.5 34.85
L 34.85 34.85 34.85 12.5
Q 35.85 7.75 40.2 7.15
L 59.8 7.15
Q 64.05 7.85 65.15 12.5
L 65.15 34.85 87.5 34.85 Z"/>

</defs>

<g transform="matrix( 1, 0, 0, 1, 0,0) ">
<use xlink:href="#Layer1_0_FILL"/>

<use xlink:href="#Layer1_0_1_STROKES"/>
</g>

<g transform="matrix( 1, 0, 0, 1, -3.4,-28) ">
<clipPath id="Mask_Mask_1">
<rect x="-2.9" y="-2" width="112.6" height="20.8" fill="#FFFFFF" stroke="none"/>
</clipPath>

<text clip-path="url(#Mask_Mask_1)" writing-mode="lr"><tspan x="-0.85" y="13.6" baseline-shift="0%" kerning="auto" font-family="Arial_Regular" font-size="15" fill="#999999" xml:space="preserve">Nintendo Switch</tspan></text>
</g>
</svg>
