
<svg xmlns="http://www.w3.org/2000/svg" version="1.1" xmlns:xlink="http://www.w3.org/1999/xlink" x="0px" y="0px" viewBox="0 0 100 100">
<defs>
<g id="Layer1_0_FILL">
<path fill="#D7D7D7" stroke="none" d="
M 92.85 40.2
Q 92.25 35.85 87.5 34.85
L 65.15 34.85 65.15 12.5
Q 64.05 7.85 59.8 7.15
L 40.2 7.15
Q 35.85 7.75 34.85 12.5
L 34.85 34.85 12.5 34.85
Q 7.75 35.85 7.15 40.2
L 7.15 59.8
Q 7.85 64.05 12.5 65.15
L 34.85 65.15 34.85 87.5
Q 35.85 92.25 40.2 92.85
L 59.8 92.85
Q 64.05 92.15 65.15 87.5
L 65.15 65.15 87.5 65.15
Q 92.15 64.05 92.85 59.8
L 92.85 40.2
M 85.35 42.35
L 85.35 57.65 65.15 57.65
Q 62.044921875 57.6515625 59.85 59.85 57.6515625 62.044921875 57.65 65.15
L 57.65 85.35 42.35 85.35 42.35 65.15
Q 42.3482421875 62.044921875 40.15 59.85 37.9548828125 57.6515625 34.85 57.65
L 14.65 57.65 14.65 42.35 34.85 42.35
Q 37.9548828125 42.3482421875 40.15 40.15 42.3482421875 37.9548828125 42.35 34.85
L 42.35 14.65 57.65 14.65 57.65 34.85
Q 57.6515625 37.9548828125 59.85 40.15 62.044921875 42.3482421875 65.15 42.35
L 85.35 42.35 Z"/>

<path fill="#F5F5F5" stroke="none" d="
M 85.35 57.65
L 85.35 42.35 65.15 42.35
Q 62.044921875 42.3482421875 59.85 40.15 57.6515625 37.9548828125 57.65 34.85
L 57.65 14.65 42.35 14.65 42.35 34.85
Q 42.3482421875 37.9548828125 40.15 40.15 37.9548828125 42.3482421875 34.85 42.35
L 14.65 42.35 14.65 57.65 34.85 57.65
Q 37.9548828125 57.6515625 40.15 59.85 42.3482421875 62.044921875 42.35 65.15
L 42.35 85.35 57.65 85.35 57.65 65.15
Q 57.6515625 62.044921875 59.85 59.85 62.044921875 57.6515625 65.15 57.65
L 85.35 57.65
M 50 19.9
L 50 33.05 50 19.9
M 19.9 50
L 33.05 50 19.9 50
M 66.95 50
L 80.1 50 66.95 50
M 50 66.95
L 50 80.1 50 66.95 Z"/>
</g>

<path id="Layer1_0_1_STROKES" stroke="#404040" stroke-width="5" stroke-linejoin="round" stroke-linecap="round" fill="none" d="
M 87.5 34.85
Q 92.25 35.85 92.85 40.2
L 92.85 59.8
Q 92.15 64.05 87.5 65.15
L 65.15 65.15 65.15 87.5
Q 64.05 92.15 59.8 92.85
L 40.2 92.85
Q 35.85 92.25 34.85 87.5
L 34.85 65.15 12.5 65.15
Q 7.85 64.05 7.15 59.8
L 7.15 40.2
Q 7.75 35.85 12.5 34.85
L 34.85 34.85 34.85 12.5
Q 35.85 7.75 40.2 7.15
L 59.8 7.15
Q 64.05 7.85 65.15 12.5
L 65.15 34.85 87.5 34.85 Z"/>

<path id="Layer1_0_2_STROKES" stroke="#FFFFFF" stroke-width="4" stroke-linejoin="round" stroke-linecap="round" fill="none" d="
M 85.35 42.35
L 85.35 57.65 65.15 57.65
Q 62.044921875 57.6515625 59.85 59.85 57.6515625 62.044921875 57.65 65.15
L 57.65 85.35 42.35 85.35 42.35 65.15
Q 42.3482421875 62.044921875 40.15 59.85 37.9548828125 57.6515625 34.85 57.65
L 14.65 57.65 14.65 42.35 34.85 42.35
Q 37.9548828125 42.3482421875 40.15 40.15 42.3482421875 37.9548828125 42.35 34.85
L 42.35 14.65 57.65 14.65 57.65 34.85
Q 57.6515625 37.9548828125 59.85 40.15 62.044921875 42.3482421875 65.15 42.35
L 85.35 42.35 Z"/>

<path id="Layer1_0_3_STROKES" stroke="#D7D7D7" stroke-width="4" stroke-linejoin="round" stroke-linecap="round" fill="none" d="
M 50 19.9
L 50 33.05
M 19.9 50
L 33.05 50
M 66.95 50
L 80.1 50
M 50 66.95
L 50 80.1"/>

</defs>

<g transform="matrix( 1, 0, 0, 1, 0,0) ">
<use xlink:href="#Layer1_0_FILL"/>

<use xlink:href="#Layer1_0_1_STROKES"/>

<use xlink:href="#Layer1_0_2_STROKES"/>

<use xlink:href="#Layer1_0_3_STROKES"/>
</g>

<g transform="matrix( 1, 0, 0, 1, -3.4,-28) ">
<clipPath id="Mask_Mask_1">
<rect x="13.8" y="-2" width="79.2" height="20.8" fill="#FFFFFF" stroke="none"/>
</clipPath>

<text clip-path="url(#Mask_Mask_1)" writing-mode="lr"><tspan x="15.9" y="13.6" baseline-shift="0%" kerning="auto" font-family="Arial_Regular" font-size="15" fill="#999999" xml:space="preserve">Wii &amp; Wii U</tspan></text>
</g>
</svg>
